24401516
24396842
24451863
24430413
23812148
24425845
24395324
24406579
24451866
24392490
24368487
24257966
24366015
24370082
24270720
24454598
24326806
24234243
24316953
24451882
24438691
24092379
24384277
24417834
24406603
24451883
24173014
22868329
24392493
24270711
24384890
24136321
24382719
24401051
24382718
24153173
23934092
24385119
24374673
24451884
24270724
24316945
24393756
24344856
24158595
24455174
23979286
24395307
24414232
24096769
23481925
24270725
24452643
24452645
23549426
24366017
23817757
23690153
24430319
24430407
24395320
24368361
24189578
24398481
24326808
23872797
24201858
24150432
24401495
24232829
24370485
24316951
24451865
24004975
23165250
24136324
23775701
24150430
24375295
24150433
24081531
24382729
24451862
24322715
24395313
24380984
24201860
24336038
24224779
24232173
24454596
24455177
24270727
24226568
24336041
24406589
24413474
24368363
24411488
24158313
24280904
24370813
24382727
24430410
24257140
24396847
24428286
24214283
24327164
23632351
24396838
24395311
24450347
24153169
24284803
24357160
24396073
23807183
24102348
23715046
24108284
23982025
24368373
24433822
24101019
24433837
24053413
23314188
24296958
24132708
24108300
24398488
24410305
24372461
24331121
24331126
23836239
24150435
24331123
24382720
24284836
24393595
24368488
24395308
24117498
24452659
24368484
24105087
23793958
24332257
23657879
23426333
24263288
24375206
24339302
24108298
23357884
24392462
24108290
24444289
24081532
24326797
24455175
24396835
24392491
24108292
24177286
24343389
24326812
24327166
24444265
24451875
23812146
24317214
24190691
23598381
24451867
24343388
24445356
24380988
24380991
24452658
24445890
24317099
24450788
24392481
24451869
23925147
24316947
24173019
23797157
24121903
23774200
24316944
24316955
24396839
23979923
24108287
24105456
24319672
24384889
23178980
24401049
24247587
24461170
23685345
24451864
24395316
24380478
24396843
23836245
24379015
24415860
24434526
24399428
24343624
24232509
24197138
24395312
24378031
24451855
24392479
24374672
24395325
24356820
24121985
24177945
23812149
24406566
24327165
24382728
24335934
24270236
24231879
24403484
23615348
24430426
23571293
24362721
24378028
24316952
24375298
24286654
24411540
24061845
24232369
24053354
24411543
24117517
23572351
24153168
24450890
24161074
24335938
23999964
24332259
24406563
24429332
23928517
24343320
24398484
24368357
24357462
24375603
24382877
24427445
24108291
24317244
24141646
24380994
24451870
24335930
24411542
24369940
23982022
24374674
24081534
24121143
24077887
24196007
24270679
24393586
24377570
24356474
24374670
24013922
23846679
24393004
24451885
24240769
23784750
24393587
24396841
24355721
24105092
24158179
24452642
23872803
24451859
24316946
24382730
24457865
24401505
24451872
24423331
24456716
24370482
24457390
24089048
24451854
23990452
23884803
24380996
24461175
24417828
24438715
24350872
24362719
24374667
24240611
23801588
23615349
24270234
24370811
24380923
23632347
24122047
24402386
24452661
24415863
24454607
24445100
24406600
24378743
23422004
24393593
24307539
24263209
24136378
24377590
24317234
24411418
24370810
24427446
24398480
23988993
24270231
24345329
24398485
24359044
24316950
24240490
24185081
23429219
24369150
24284978
24232078
24441452
24455169
24286653
24454597
24430412
24396840
24339287
24444271
24356168
24232293
24113696
24368355
24384272
24368359
24232180
24412949
24452649
24190440
24415882
23761303
24398730
24121911
24385121
24316949
24355669
23241769
24382205
24359054
24270933
24345717
24368374
24240767
23632352
24325429
24375209
24444287
24217537
24108293
24382724
24377559
23732265
24100783
24080974
24456367
24261919
24356629
24022738
24452663
24089045
24384892
24303864
24310374
24393589
24398491
24217295
24380982
24240766
23863413
24019019
24370146
24451858
24365504
24303863
24395309
24145292
24368720
23751855
24326803
24335935
24435599
24435244
23863411
24368486
24411535
24380575
24316948
24382726
24399553
24247616
23743638
24415855
24452648
24380987
24382412
24395323
24326805
24430409
24275773
24379093
24359500
24185381
24423320
23531735
24158233
24451873
24190578
24368378
24076660
23760147
23950568
24126705
24053316
24113563
24286646
24411533
24454593
23542834
24454595
24157464
23633182
24332324
24403463
24276984
23812139
24201857
24203121
23357888
24385122
24402041
24317236
23863412
23559321
24196011
24368485
23982988
24065417
23474879
24314887
23648998
24298907
23908075
24373658
24288004
24241508
24331661
24296777
24270676
24102369
24339316
24398483
24135964
24330440
24309466
24399624
23722308
24257904
24378030
23446083
24368360
23937117
24326804
24392466
24257654
24365769
23794198
23929313
24025564
24396495
24375296
24217017
23982023
24146116
24402391
24388693
24380483
24121428
24381643
24105091
24368375
24356625
23942007
24105454
24212284
24382613
24102190
23780410
24411422
24067501
24401498
24429327
24362720
24366016
24287636
24417832
24356412
24170151
24270723
24388176
24362718
24378742
24371097
24155102
24423960
24450522
24105090
24286650
24393760
24379328
24141634
24141660
24406572
24380992
24105085
24410420
24355994
24438721
24108297
24445104
24078406
24452646
24395321
24445756
24399621
24399472
23478525
24013997
24451868
24089046
24113993
24101016
24108288
24394796
24169027
24356460
23657880
24403482
23446082
24352909
24377580
24457873
24457893
24387931
24064561
24395317
24162750
24359051
24322887
24316954
24108528
24413012
23812622
23836458
24380922
24240491
24270598
24336915
24317209
24415883
24434164
24415885
24403442
24356630
24092385
24303862
24384888
24232368
24417827
24331122
24331124
24417830
24401297
24292968
24387505
24100411
24400692
23774117
24434379
24380995
24445757
24344853
23989174
24212184
23817754
24423345
24362716
24195842
24430414
24403355
24217806
24430411
22936278
24377571
24373171
24368351
24424707
24360665
24417782
24384114
24248262
24274417
24401515
24051679
24369141
23459238
24362717
24310050
24451880
24438714
24400693
24403467
24056623
24414376
24430408
24052094
24438416
24190026
23761175
24100714
24331657
23812132
23905594
24368358
24455176
24346607
24445759
23744522
24377472
24121734
24274848
24380406
23711082
24263403
24370137
23899966
23588488
24395315
24100933
24122658
24450354
23867910
24064559
24092631
24403353
24252978
24377589
24384273
24399554
23837731
23764718
24121142
23685966
24419186
24411544
24068617
24342980
24451851
24444283
24275909
24335932
24153165
24444069
24331565
24275782
24444272
24100278
24423966
24365724
23982029
24388026
23676632
24429331
24089044
24240731
23446086
23975009
24434376
24136323
24126198
23321779
24403492
24360664
24387494
24129640
24445891
24381392
24384198
24142867
24396848
24370086
24081374
24406539
24196418
24081537
23982026
24396849
24374678
24172160
24384239
24393585
24385470
24005164
23996977
24144196
24382002
24377572
24434527
24343127
24002628
24450350
23900013
24346594
23793234
24433521
24145864
24373654
24339289
24310045
24275671
24056114
24380990
23907372
24356636
24105453
24326807
24444473
24406595
24341304
24402807
24331655
24385116
24402394
24362413
24385125
24444267
24396496
24296956
24381656
24326802
23588484
24444275
24388024
24346094
23761173
24345758
23792485
24398492
24423954
24281377
23813416
24372457
24263619
24365550
24310051
24285183
24372459
24390887
24406590
24343307
23985427
24168919
24354307
24385118
24145804
24417825
24216158
24128898
24355720
24396837
24445942
24326577
24331564
23924522
24403349
23873164
24346518
24356166
24304626
24393314
24313266
24025563
24406594
24415880
24369147
24128887
24339303
24352182
24382880
24377819
24345304
24355819
23836523
24284908
24406604
24369278
24451877
24261758
24108283
24413724
23764717
24419446
23321780
24317211
24313942
24384891
24384333
24089049
24316943
24084219
24191893
23774314
24065439
24393590
24277654
24141656
23715044
24356622
24377556
24013980
24339307
24126743
23807186
24332321
24034817
24451876
24145835
24326801
24423327
24280854
24300427
24423342
24419309
24341301
24370128
24370138
24355668
23934206
24336967
24374683
24398309
24368370
24448120
24387496
24366433
24077676
24064474
24373661
24335661
24240641
24403487
24261761
24329607
24423950
24452650
24322988
24377469
23314274
24262016
24201070
24225444
24406567
24343623
24166695
24456715
24336090
23282472
24339291
24356481
24331275
24430415
24258576
24118799
24368377
24406587
24434410
24077679
24424000
24274846
24413723
24390745
24042487
24423338
24356624
24406596
24108148
24368481
24454601
23958929
24452575
24434382
24346096
23855404
24356634
24078173
24083335
24384193
24369941
24399381
24382722
24384271
24136312
24395322
24331653
24150434
24261460
24108286
24395891
24164786
24434524
24141659
23889321
24438066
23942003
24077924
24368379
24387506
24286652
24403350
24300465
24113628
23958945
23632265
23559323
24389709
