27387333
26370224
16222385
12537337
12435014
12383303
12269970
12224728
12168880
12112888
12112880
12106731
12106719
12099506
12096641
12095119
12085149
12074455
12074228
12072610
12070510
12066695
23451445
23409348
24775381
23304689
23278670
23273340
23265162
23261025
23246868
23218575
23201103
23199586
23184140
23171800
23146637
23112275
23096988
23109623
23101038
22889084
22866291
22862902
22858921
22852527
22852524
22842430
22838223
22820849
22791125
22762251
22759258
22742759
22676248
22627107
22588136
22575624
22573261
22552593
22539536
22532941
22526415
22488613
22471260
22426939
22405915
22386370
22385928
22384973
22343572
22329667
22324456
20859726
22749618
24570980
20467599
30892291
28556432
24600653
30847049
29459021
30259252
28370489
32035551
31909385
23999237
24101015
24417833
24108299
24335931
31722238
30865784
30423014
30735341
29476669
32042686
29781768
29040345
29533674
30426254
30233975
31562495
31810613
31822548
30825319
