27693238
27224853
17415785
23098083
30141813
21461550
25759575
30013786
22583846
23728213
21550425
30429885
27566867
26718927
24495642
28169513
27585070
29940371
27872012
27660444
21391853
25302023
27647680
23707501
30590183
30259667
28435449
28777535
27870141
29745944
21887742
28338421
29626700
23375393
28899816
24937137
26802441
30634440
19809195
21875329
26301304
23139139
27180235
26065678
26505580
28616703
23022346
29306083
30274113
30366137
28827995
24690170
24279868
26222593
26883261
24907660
30480167
26652373
28363521
25772000
28944766
26703227
24677783
28110067
29287979
27523994
27770869
30347811
30564959
30423694
27521494
28589686
25227180
27446265
27182756
28256126
29317369
24768229
23981625
19963265
24368109
30359523
23421129
24094171
29089765
22983182
28202997
23919718
30644290
24640374
30387000
28919510
19885402
25485104
29118579
28124978
24665837
26012354
29159895
26996294
21208787
29752108
27377439
24723571
30463592
28629025
26563472
23808760
21682843
28927334
23083104
21902605
23980507
27086294
22382734
19539369
27481289
20417736
28782236
27558310
27114708
26478568
24021248
25504184
25274078
29371989
23702148
22213456
27111551
28177580
26443415
26802442
23757877
25735800
20379359
30274067
30065798
24225196
24133950
29046823
21351374
23343569
22664173
30635734
26151287
30059800
24634988
25945287
21190731
24888232
29150268
29242161
26736029
20486786
25376622
28575986
23483914
20740471
29945671
27514438
29416004
30421913
28532111
23267692
25146676
27770634
23895118
29017608
29916541
29707747
25428090
26152232
20135980
26457873
30423788
23102268
27188244
27765088
28502669
24101871
21274741
28115294
29896309 
29287231
29257226
30072668
26394381
30129324
26818284
19335407
23776648
30029031
22927103
29079514
24009419
30209974
23069715
25769043
26718750
22167422
30678920
29264693
30266635
28738525
25319137
25371858
21067655
25994048
24687547
19216641
23901496
21281488
22340325
29767463
27552600
28788586
26914219
26739120
25952675
28102294
20020413
23127995
27127072
25252795
29867527
19424738
22689304
28629081
25051249
19231922
26979116
30678917
29623134
30257252
30214627
25246312
30555235
21800891
24059083
28680888
30464466
26792990
24987458
24706178
26841115
27471385
28079980
26332946
21857063
22242353
27009085
28639437
25056197
26654764
28017598
30458242
20692530
28531974
24206080
24418437
25664369
20122721
24749403
21421268
29964051
29905055
28315493
21457972
21604718
23832688
21584694
28800110
25545777
26632447
25752490
23782488
29471713
28286037
21959450
28862155
29806301
24785365
26441129
26228909
23990148
23896565
24555011
21402405
24555012
26576045
22266908
26691523
29397318
21604244
19327018
20536327
26222039
20540269
19250951
27939203
28884494
27575952
27846405
28233601
26382272
27956359
29075116
26650620
30433758
26454254
19614544
25266083
24844413
26345992
25711714
28830269
22145805
28575952
27671122
28799757
19827113
25183420
24685477
28462906
22021183
29550439
30665204
24268275
29182157
23347347
26850145
26419888
27746359
29119879
28713016
24763260
29944927
27900891
26789077
25090157
30250432
30171951
22813848
30475576
23038677
30663158
22746668
22437875
26048479
26869789
30064832
23778088
26090086
28392688
20336738
29730855
30421653
21886695
28658997
30497456
28337023
21671058
27881639
22911908
28218496
26310074
19387150
23225568
26131067
30636094
29653587
20740596
29868646
25260421
24051747
21951845
21902619
24339394
27252654
28463545
21776670
19778181
21548070
29736332
27761431
25241158
27105860
29206788
28866173
23861688
23107958
28272494
23661546
29386050
20811098
21658081
21723141
22821845
24178764
24265190
27400789
27612843
26811701
26348142
27493716
29017973
29113566
24593020
20624004
22523594
21516135
23172816
29525694
27895039
28976740
28486755
29720269
23498239
26689714
25518911
30603550
29438883
28501713
19780649
23281143
25246785
22796326
25063999
24029485
27826004
28024612
24146118
19686055
22145939
29039747
22890784
25469312
30606541
23848958
29981495
27430310
19839720
26334535
29886100
29356571
24781370
26318088
26407650
22721548
27019057
21084117
22429111
27141281
30274078
30287045
25012521
22901964
30033306
22279079
26478401
23797563
29922058
29318958
19638916
25640220
26463737
24811827
23507924
28482471
23128604
24732634
28419693
28946792
22136719
29269312
27877865
28992406
29786553
21757035
30323560
27378617
28332167
28808811
28324629
19469694
27934940
30636089
20673022
26510320
24668819
29979574
26465321
29438298
23432413
20187443
29957531
23765607
25736498
26093069
23137415
23498215
22563650
29902595
28068758
21312336
25491176
23948983
28095524
27027855
29292169
24593189
30172066
27402181
29453974
24475056
27737438
27108477
24767786
21235468
30223731
26492241
30254682
26295953
30356274
19193129
28879686
22410807
30603481
21338517
26682453
29924595
27280798
21619493
21060938
29549951
29702291
22902517
19772454
29373945
28371540
24447041
28698836
30300711
19219837
23935364
23639531
29295547
26462359
22795539
29391278
28611002
24027020
24408074
21891900
26413793
28351289
29042614
30126590
30609898
25895169
22398406
23603532
21906701
23827628
23197691
19827111
30342285
30678947
29113460
28891194
23111334
21074381
21999213
27655430
20648427
20695777
29075508
26227919
29207926
21422669
28024566
29898187
28245809
23623083
29587410
28974254
25644231
27354795
23869359
21736425
28435697
22646294
28482579
22576851
22192537
30573237
28096669
20307733
23611597
25627127
23620149
19899445
22392838
22009693
20192901
27824330
28923538
23879621
23796407
21284558
24825759
30030172
18721077
24244598
27358127
24496505
29861739
19954329
22700476
30474687
23852021
25888745
26971202
25818452
24616295
20151353
27560658
28266351
26603220
29687742
28576031
23914335
28481082
22499338
30265990
29673840
19447211
20153102
28221758
22100346
25016647
29031416
23606420
24243225
29379910
25343576
23463686
24972741
28093363
28690010
22961843
23568757
30596714
25229198
30035073
25039258
21059377
25671317
30661463
28752541
29480562
25169425
27706263
29587806
28181432
23539543
24076679
29561589
28278041
22180011
29415631
25385571
28363788
25206304
22077993
18563823
24843069
26889707
30258220
27022202
29446757
22207333
23611899
22092514
29523197
20028218
26621359
19475537
29683273
20308776
26999642
26248165
24425157
27127066
26774566
25607633
22472071
26652416
22588408
20740425
24448607
26179958
19862337
23534127
27057167
28787130
22150794
20635668
19326967
23436161
26724503
30267878
26871861
20574992
20728584
20394983
29128538
25727390
26569105
30157627
23403167
24770944
20368696
25791457
26853051
30150580
30154869
21308982
29933108
20001220
30273741
29183850
26269319
29145866
26799576
23292571
29523214
28583167
21312337
24749392
26121911
22490595
27223844
24438908
22625179
26696301
25953566
28123297
24749404
28331312
25631270
19898872
27080564
19530938
20657864
28103990
28096632
27599449
22048006
25497270
20799906
27013217
27933834
19769716
22927346
26238005
29756533
24910375
26460819
29263665
27886065
29358953
21657247
26521085
26653885
23319862
25335455
29031226
28602124
30528606
28585319
27274237
26955273
29386409
21604139
29519422
30620556
22499248
21669129
27639311
19434762
22261099
22381474
24297514
29052311
22972023
28575983
25549776
22934667
24215733
20949482
19820164
26853552
28661587
23625853
29464005
23523796
22733543
20128830
22447716
28803246
28866191
29793112
21138559
19481080
24639083
27877608
25196309
26822178
21832942
23171924
21252414
24030426
30362184
19708077
29927631
28318155
29193687
20811130
24095254
24621213
23937279
27987704
19364274
18465815
22162265
23022891
20502431
30448699
25250325
25702535
25093502
20725968
20939052
29240243
23593563
23894564
22114483
28882369
27865438
19837997
26767394
28320452
27425182
21489619
29105354
22286210
28575984
28182119
28219143
28866206
23566031
23460841
25793720
20603869
19119923
27646631
20694976
30348015
24705068
25179212
23767776
22607391
29915541
29179009
29636141
23022546
22903929
26771563
25819471
29806269
28073305
27131573
30557698
24197544
21449713
29902240
21850206
23359521
21351054
20632367
28653139
22307334
21613722
24423450
28962105
24277559
26612417
22515979
30439640
30670092
21724248
27695327
20919949
24219622
27612438
29359866
29853076
27041649
23542586
30421603
29454159
30503059
20166224
22510402
22141360
24278945
29163228
24433042
25145988
29321835
22696399
24611137
29524672
23999881
27427599
30674073
28362040
30156865
22491821
29761549
23727248
30006317
29688810
21802135
20564904
19243892
25890761
26124840
23672141
21800437
24306271
30603507
23585242
27207046
28332482
29678676
22277992
24161167
29068568
25491854
20875101
30188112
23671648
25175660
23955642
26586588
29024443
23193064
22991229
30678897
29626696
23567945
21300186
22022571
22065559
24360747
21354476
28786816
19660580
20153521
20666791
23574424
28622604
25084008
23880267
30645050
30645045
30645044
30645020
30644930
30644711
30644510
30644181
30644174
30644168
30590346
30590182
30589535
30588626
30584621
30558359
30509482
30509121
29886100
29178347
29058684
28981171
28338134
28423680
29050616
28902490
28253616
28144849
28007465
27843316
27744699
27512090
27213527
27126299
27040220
26931333
26768293
26540289
26462751
26283157
26188296
26034884
25919905
25815434
25668049
25575855
25464079
25394663
25394623
25258353
25132274
24997593
24888232
24762195
24655139
26827754
24309498
24147536
24355810
23963979
24468581
24008800
23813739
23589392
24820630
23193064
23083929
22983409
22884830
22759094
22639344
22587618
22389314
22085108
22177336
21968009
21864896
21764442
21648061
21544931
21472976
21404125
21333762
21179943
21044827
20857388
20800664
20666612
20590384
20471083
20734331
20583303
20486798
20392613
20188872
20091708
19947917
19845389
19756968
19658151
19603426
19507009
19437439
19343770
19205850
19152974
19152973
19097643
19097642
18839699
18788982
18788980
18665119
18661107
18473029
18435406
18435405
18186058
19627789
18180534
18035911
18067601
17990444
17877398
17672502
17554604
17452565
17363352
17124709
17001947
16909944
16788975
16706302
16584495
16506181
16431953
16805591
16474958
16375966
16289994
16190200
16155135
16022993
15949551
15949550
15839937
15723127
15621684
15561041
15461189
15461187
15301508
15380056
15187628
15120528
15057994
14699943
14655860
14587701
12964656
12889014
12895449
12767913
12741769
12689681
12619028
17986990
12546443
12489649
12453122
12453018
12430130
12382960
12221710
12221696
12164195
12109684
12002493
11943403
11853385
11818856
11741712
11710645
11680690
11581094
11519778
11493295
11491262
11443591
11404171
11383638
11340601
11298914
11237664
11157696
11103082
11055290
11055289
10990379
10941212
10941210
10941209
10941208
10905463
10905462
10811307
10740456
10738900
10613666
10613193
10537289
10497289
10497284
10426241
10426230
10378804
10219126
10081905
9932190
9875787
9827690
9827689
9794219
9742280
9693290
9648028
9586982
9535439
9521518
9460554
9429107
24210142
24346243
24022801
24288113
24124166
24331565
24396847
24451873
24406581
24451871
24451880
24451855
24406561
24393592
24406577
24451891
24022800
24121748
24396839
24451851
24396077
24425838
23425371
